,Baseline
0,0.040632278463473726
1,0.019344634253676607
2,0.03120449987211049
3,0.03329360111216151
4,0.047319933421902105
5,0.04293615959293462
6,0.03341934461334106
7,0.033136449756991704
8,0.03638910625957814
9,0.036226217067258926
10,0.054860618635596325
11,0.030863528248406547
12,0.044591611590675706
13,0.033705846411255735
14,0.02918979771013519
15,0.019721189614799073
16,0.027938672704768908
17,0.037917949192334266
18,0.03639629590592819
19,0.030298319350348213
20,0.030735803207540657
21,0.03293526006796044
22,0.03469293379819771
23,0.033683103891854915
24,0.026245527289133652
25,0.02650310600928063
26,0.03873580834503165
27,0.028723010299019247
28,0.03714595956678157
29,0.030706029759842268
30,0.018116542001822555
31,0.022372390148919008
32,0.034039027981892844
33,0.033199398605495145
34,0.026987155139493124
35,0.010731683475948106
36,0.032169134600922744
37,0.03304603898975367
38,0.021409587506457717
39,0.03300421617612814
40,0.04098606462333043
41,0.021309164246045342
42,0.02626815835959495
43,0.04005504997287701
44,0.0411141832912395
45,0.03298774359982226
46,0.02028213722649297
47,0.03062743587878125
48,0.026483010222801306
49,0.041457599183245875
50,0.04248676077272806
51,0.03436106312708542
52,0.03846793829681461
53,0.03219909595876358
54,0.047435951489541606
55,0.027912701294226072
56,0.037643037871551877
57,0.03482783787374388
58,0.038221281804402096
59,0.043402001851122196
60,0.0374579678989464
61,0.04346690427818545
62,0.03790798096557402
63,0.032528176346893756
64,0.03730629710838862
65,0.0288157122138869
66,0.03928956815336804
67,0.034101064469325704
68,0.026943693738779473
69,0.03730574941476161
70,0.03187965778603885
71,0.03587659617914063
72,0.0341666432614115
73,0.03384592031486888
74,0.03532634159349257
75,0.022601442061177313
76,0.03568996162418059
77,0.029205519186997764
78,0.030596411417879388
79,0.04605002290201343
80,0.0318298638361878
81,0.03655613570675731
82,0.03186091501327215
83,0.03522042067073028
84,0.0382769735295575
85,0.02960123588044561
86,0.03910669574481562
87,0.04342842839107397
88,0.03449367416357596
89,0.04620928027808768
90,0.027999044361635805
91,0.025490825647537796
92,0.0348251952547467
93,0.0400279294364303
94,0.026831990141628848
95,0.04038227902850389
96,0.0278095727083556
97,0.03507390397396537
98,0.037881544173749004
99,0.031361599543163976
