,Baseline,Feature 0 is hidden,Feature 1 is hidden,Features 0 and 1 are hidden
0,0.0406322784634737,0.006103622373679,0.0433821466276351,0.0332166863777146
1,0.0193446342536766,0.0081064107837344,0.0406508607271357,0.0354075554376672
2,0.0312044998721104,0.0017378254409798,0.0480735932399271,0.0376384104825012
3,0.0332936011121615,0.0045163496427984,0.045287858835476,0.0298364700098896
4,0.0473199334219021,0.0027092689114514,0.0579877411996755,0.0371358146672526
5,0.0429361595929346,0.008041110530601,0.0512247148729825,0.0250284704607114
6,0.033419344613341,0.0045155601293128,0.0438514439031538,0.0240157706002834
7,0.0331364497569917,0.0015050451751978,0.0465910263782114,0.0157133819039512
8,0.0363891062595781,0.0135784502006839,0.035812458015591,0.0364962707677022
9,0.0362262170672589,0.0118542215806469,0.0385085469073144,0.0193642024056953
10,0.0548606186355963,0.0077048414202676,0.0358393264691402,0.034595475795091
11,0.0308635282484065,0.0108543921524529,0.0502403586481184,0.0224740623516025
12,0.0445916115906757,0.0070722560905478,0.0422399188798185,0.0351143444095718
13,0.0337058464112557,0.0032618629075097,0.0495136091090065,0.0281979415020394
14,0.0291897977101351,0.0075646292909041,0.0487528407489982,0.0343056325715993
15,0.019721189614799,0.0008517625174429,0.0517913114162497,0.0322858011278945
16,0.0279386727047689,0.0027840026912191,0.0516849537031032,0.0373624449645262
17,0.0379179491923342,0.0045838089665223,0.0494094821445316,0.0215213669564645
18,0.0363962959059281,0.0064981816134499,0.0375763206941367,0.0276974031311241
19,0.0302983193503482,0.0049428901966058,0.0451556982554667,0.023754741033385
20,0.0307358032075406,0.0081551904102715,0.0506027496317791,0.0314868852251775
21,0.0329352600679604,0.0049272972372409,0.051081307569379,0.0300412449152168
22,0.0346929337981977,0.006701330559149,0.0546509908758748,0.0283125088827188
23,0.0336831038918549,0.0085676510884167,0.0463608665839866,0.0264918746457556
24,0.0262455272891336,0.0028139334969903,0.0472431515552956,0.024487722073436
25,0.0265031060092806,0.0106944602931355,0.0549368480042756,0.0249757954619922
26,0.0387358083450316,0.0056862784922446,0.051208566744888,0.0209631599079259
27,0.0287230102990192,0.0140810003623498,0.0478837355695759,0.0392493448873353
28,0.0371459595667815,0.0077420576363279,0.044188317177313,0.0220018255961333
29,0.0307060297598422,0.0012292056221594,0.0517186902615133,0.0319034281515291
30,0.0181165420018225,0.0063970363306339,0.0356410918657206,0.0204630105575454
31,0.022372390148919,0.0140857061799688,0.0364358366795762,0.0380500560253727
32,0.0340390279818928,0.0089123209754991,0.0620951426274597,0.0323495902254689
33,0.0331993986054951,0.0026812721393046,0.0335703248299191,0.0436386085031319
34,0.0269871551394931,0.0102869950491399,0.0593762018211946,0.0197842439760782
35,0.0107316834759481,0.0041784244757465,0.0323064535638997,0.0332174841594473
36,0.0321691346009227,0.0009006988655888,0.0560745604915813,0.0335706691840569
37,0.0330460389897536,0.0067655823294198,0.0506005503693568,0.0426653250274284
38,0.0214095875064577,0.0033447095575275,0.0581321099574536,0.031205168252385
39,0.0330042161761281,0.0081642455595531,0.0491249765771298,0.0347465439182922
40,0.0409860646233304,0.0136080867484569,0.0532630665495192,0.0319290409772805
41,0.0213091642460453,0.000289864669964,0.0429333226117665,0.0296838859428075
42,0.0262681583595949,0.0070416881917059,0.0560071867824621,0.0235501330798997
43,0.040055049972877,0.0013104396478436,0.037866984241433,0.0374077468625041
44,0.0411141832912395,0.0070465486560742,0.0418211700359134,0.0331247249062687
45,0.0329877435998222,0.0007754571408643,0.0347647967118874,0.0335501532370565
46,0.0202821372264929,0.0008926245503094,0.0386570689506863,0.0298765218128778
47,0.0306274358787812,0.0023163105623711,0.0483448412934379,0.0236023464312263
48,0.0264830102228013,0.0125728441553414,0.0439302342756704,0.0378219101895684
49,0.0414575991832458,0.0088794481217548,0.056631743959117,0.0416183995856102
50,0.042486760772728,0.0094285687395754,0.0414247360449501,0.0375691944563725
51,0.0343610631270854,0.0080277611536527,0.0402758754081579,0.0093268178497029
52,0.0384679382968146,0.0121338081954929,0.0565199669660894,0.0337570242254603
53,0.0321990959587635,0.0083520479902099,0.0464521055205643,0.0359421401892977
54,0.0474359514895416,0.0059354989428384,0.0436623370142462,0.0258719236021114
55,0.027912701294226,0.0121921567995444,0.0349519353315626,0.0325421117466913
56,0.0376430378715518,0.0014858461893845,0.0509084247580353,0.0291592484815745
57,0.0348278378737438,0.0036980382503861,0.0442058534928969,0.0311590464890457
58,0.038221281804402,0.0010790968898742,0.0494457748638766,0.0353100335138253
59,0.0434020018511221,0.0035339533165592,0.0370854092915942,0.0314600981960432
60,0.0374579678989464,0.0101238215993159,0.0420642490824749,0.0249876299071598
61,0.0434669042781854,0.0026132041875991,0.0489392377780452,0.0367032896072103
62,0.037907980965574,0.0081621568828774,0.0480692213361932,0.031294741099535
63,0.0325281763468937,0.0139752705264094,0.0492449013198464,0.0195025877607538
64,0.0373062971083886,0.001520628852874,0.0477577346539892,0.0287179835626824
65,0.0288157122138869,0.0003609687151221,0.0454944921632589,0.0375047223178847
66,0.039289568153368,0.0017245610156986,0.0459951893261451,0.0426866463179838
67,0.0341010644693257,0.0156812660347485,0.035200231767253,0.0293400962586459
68,0.0269436937387794,0.0045461644917708,0.0312739775355972,0.0190919255871717
69,0.0373057494147616,0.0063321603696538,0.0495286400321681,0.0214323870840849
70,0.0318796577860388,0.0009663900121088,0.0445238877401978,0.0355097511025803
71,0.0358765961791406,0.0047190033925784,0.0438486001706333,0.0479995560575847
72,0.0341666432614115,0.0090136286186466,0.0449258960727282,0.0489125573027403
73,0.0338459203148688,0.0099335970927547,0.0347376665035298,0.0399550367288653
74,0.0353263415934925,0.0031926296339634,0.0468849618413822,0.0309898694332639
75,0.0226014420611773,0.0025152902267137,0.0416964810568653,0.032205704450733
76,0.0356899616241805,0.0066118496932103,0.0399979285730597,0.0320139195263516
77,0.0292055191869977,0.0074102007749167,0.0455180673969359,0.031042073877485
78,0.0305964114178793,0.00267137171683,0.0421915060833844,0.039905548855456
79,0.0460500229020134,0.0030768064794952,0.0474614173672105,0.0263273987528084
80,0.0318298638361878,0.009607588849808,0.0430113260245217,0.0255927131245464
81,0.0365561357067573,0.0007636677197111,0.0397281381523075,0.0347089685417216
82,0.0318609150132721,0.0111970069250121,0.0413686376104273,0.0181066497192409
83,0.0352204206707302,0.0125482780889685,0.0436986263390366,0.0227960493034101
84,0.0382769735295575,0.0013872653365567,0.0543424522472765,0.026581598137079
85,0.0296012358804456,0.0035465891314557,0.0452354809334171,0.0244836560064795
86,0.0391066957448156,0.014741918867869,0.0375538209343244,0.025400266682378
87,0.0434284283910739,0.0036248364800686,0.045978947400244,0.0231389847892494
88,0.0344936741635759,0.0069365986876013,0.0586812100215012,0.0387896135692793
89,0.0462092802780876,0.0001451299619583,0.0397322928152628,0.0397170083012535
90,0.0279990443616358,0.0011505401832742,0.051119166423223,0.0442407416553541
91,0.0254908256475377,0.0097616068144703,0.0473205746404902,0.0171583456212237
92,0.0348251952547467,0.0033620137841308,0.043501132899031,0.0299871405899394
93,0.0400279294364303,0.002842318930039,0.0473205956121104,0.0220575955723794
94,0.0268319901416288,0.019567452777484,0.0554834415154257,0.0258382134272616
95,0.0403822790285038,0.0038047104925704,0.0548882427538979,0.0384146501766591
96,0.0278095727083556,0.0023122336133934,0.0376893593373086,0.0294043789900271
97,0.0350739039739653,0.0034022427774553,0.0364359212323118,0.0322246024064036
98,0.037881544173749,0.00424398664243,0.0504221065774733,0.02675040867972
99,0.0313615995431639,0.0085720105864884,0.0492085107296768,0.040932573673021
